(kicad_pcb (version 20171130) (host pcbnew "(5.1.10)-1")

  (general
    (thickness 1.6)
    (drawings 4)
    (tracks 365)
    (zones 0)
    (modules 38)
    (nets 68)
  )

  (page A4)
  (layers
    (0 F.Cu signal)
    (31 B.Cu signal)
    (32 B.Adhes user)
    (33 F.Adhes user)
    (34 B.Paste user)
    (35 F.Paste user)
    (36 B.SilkS user)
    (37 F.SilkS user)
    (38 B.Mask user)
    (39 F.Mask user)
    (40 Dwgs.User user)
    (41 Cmts.User user)
    (42 Eco1.User user)
    (43 Eco2.User user)
    (44 Edge.Cuts user)
    (45 Margin user)
    (46 B.CrtYd user)
    (47 F.CrtYd user)
    (48 B.Fab user)
    (49 F.Fab user)
  )

  (setup
    (last_trace_width 0.25)
    (trace_clearance 0.2)
    (zone_clearance 0.508)
    (zone_45_only no)
    (trace_min 0.2)
    (via_size 0.8)
    (via_drill 0.4)
    (via_min_size 0.4)
    (via_min_drill 0.3)
    (uvia_size 0.3)
    (uvia_drill 0.1)
    (uvias_allowed no)
    (uvia_min_size 0.2)
    (uvia_min_drill 0.1)
    (edge_width 0.05)
    (segment_width 0.2)
    (pcb_text_width 0.3)
    (pcb_text_size 1.5 1.5)
    (mod_edge_width 0.12)
    (mod_text_size 1 1)
    (mod_text_width 0.15)
    (pad_size 1.524 1.524)
    (pad_drill 0.762)
    (pad_to_mask_clearance 0)
    (aux_axis_origin 0 0)
    (visible_elements 7FFFFFFF)
    (pcbplotparams
      (layerselection 0x010fc_ffffffff)
      (usegerberextensions false)
      (usegerberattributes true)
      (usegerberadvancedattributes true)
      (creategerberjobfile true)
      (excludeedgelayer true)
      (linewidth 0.100000)
      (plotframeref false)
      (viasonmask false)
      (mode 1)
      (useauxorigin false)
      (hpglpennumber 1)
      (hpglpenspeed 20)
      (hpglpendiameter 15.000000)
      (psnegative false)
      (psa4output false)
      (plotreference true)
      (plotvalue true)
      (plotinvisibletext false)
      (padsonsilk false)
      (subtractmaskfromsilk false)
      (outputformat 1)
      (mirror false)
      (drillshape 1)
      (scaleselection 1)
      (outputdirectory ""))
  )

  (net 0 "")
  (net 1 GND)
  (net 2 "Net-(D1-Pad1)")
  (net 3 "Net-(D2-Pad1)")
  (net 4 YLED1)
  (net 5 YLED2)
  (net 6 "Net-(D3-Pad1)")
  (net 7 "Net-(D4-Pad1)")
  (net 8 GLED1)
  (net 9 GLED2)
  (net 10 "Net-(D5-Pad1)")
  (net 11 MISO)
  (net 12 MOSI)
  (net 13 SCLK)
  (net 14 PYRO1)
  (net 15 PYRO2)
  (net 16 BUZZ1)
  (net 17 BUZZ2)
  (net 18 PWM1)
  (net 19 PWM2)
  (net 20 Buzzer)
  (net 21 "Net-(U1-Pad3)")
  (net 22 CS_FLASH)
  (net 23 TBUZZ2)
  (net 24 TBUZZ1)
  (net 25 VIN)
  (net 26 TGLED2)
  (net 27 TGLED1)
  (net 28 TYLED2)
  (net 29 TYLED1)
  (net 30 TBuzzer)
  (net 31 "Net-(J3-PadMP1)")
  (net 32 "Net-(J3-PadMP2)")
  (net 33 "Net-(J4-Pad6)")
  (net 34 "Net-(J4-Pad7)")
  (net 35 "Net-(J1-PadMP1)")
  (net 36 "Net-(J1-PadMP2)")
  (net 37 "Net-(J2-PadMP1)")
  (net 38 "Net-(J2-PadMP2)")
  (net 39 Baro_SCLK)
  (net 40 "Net-(AC1-Pad2)")
  (net 41 "Net-(AC1-Pad3)")
  (net 42 Accel_SCL)
  (net 43 Accel_SDA)
  (net 44 Accel_INT2)
  (net 45 Accel_INT1)
  (net 46 INFREE1)
  (net 47 INFREE2)
  (net 48 OUTFREE2)
  (net 49 OUTFREE1)
  (net 50 "Net-(IC1-Pad21)")
  (net 51 HFREE)
  (net 52 HTX)
  (net 53 HRX)
  (net 54 "Net-(R1-Pad2)")
  (net 55 "Net-(R5-Pad1)")
  (net 56 "Net-(U2-Pad18)")
  (net 57 "Net-(U2-Pad19)")
  (net 58 "Net-(U2-Pad15)")
  (net 59 "Net-(U2-Pad29)")
  (net 60 "Net-(U2-Pad34)")
  (net 61 "Net-(U2-Pad10)")
  (net 62 +3V3)
  (net 63 Baro_SDA)
  (net 64 TPyro1OUT)
  (net 65 OPYRO1)
  (net 66 OPYRO2)
  (net 67 TPyro2OUT)

  (net_class Default "This is the default net class."
    (clearance 0.2)
    (trace_width 0.25)
    (via_dia 0.8)
    (via_drill 0.4)
    (uvia_dia 0.3)
    (uvia_drill 0.1)
    (add_net +3V3)
    (add_net Accel_INT1)
    (add_net Accel_INT2)
    (add_net Accel_SCL)
    (add_net Accel_SDA)
    (add_net BUZZ1)
    (add_net BUZZ2)
    (add_net Baro_SCLK)
    (add_net Baro_SDA)
    (add_net Buzzer)
    (add_net CS_FLASH)
    (add_net GLED1)
    (add_net GLED2)
    (add_net GND)
    (add_net HFREE)
    (add_net HRX)
    (add_net HTX)
    (add_net INFREE1)
    (add_net INFREE2)
    (add_net MISO)
    (add_net MOSI)
    (add_net "Net-(AC1-Pad2)")
    (add_net "Net-(AC1-Pad3)")
    (add_net "Net-(D1-Pad1)")
    (add_net "Net-(D2-Pad1)")
    (add_net "Net-(D3-Pad1)")
    (add_net "Net-(D4-Pad1)")
    (add_net "Net-(D5-Pad1)")
    (add_net "Net-(IC1-Pad21)")
    (add_net "Net-(J1-PadMP1)")
    (add_net "Net-(J1-PadMP2)")
    (add_net "Net-(J2-PadMP1)")
    (add_net "Net-(J2-PadMP2)")
    (add_net "Net-(J3-PadMP1)")
    (add_net "Net-(J3-PadMP2)")
    (add_net "Net-(J4-Pad6)")
    (add_net "Net-(J4-Pad7)")
    (add_net "Net-(R1-Pad2)")
    (add_net "Net-(R5-Pad1)")
    (add_net "Net-(U1-Pad3)")
    (add_net "Net-(U2-Pad10)")
    (add_net "Net-(U2-Pad15)")
    (add_net "Net-(U2-Pad18)")
    (add_net "Net-(U2-Pad19)")
    (add_net "Net-(U2-Pad29)")
    (add_net "Net-(U2-Pad34)")
    (add_net OPYRO1)
    (add_net OPYRO2)
    (add_net OUTFREE1)
    (add_net OUTFREE2)
    (add_net PWM1)
    (add_net PWM2)
    (add_net PYRO1)
    (add_net PYRO2)
    (add_net SCLK)
    (add_net TBUZZ1)
    (add_net TBUZZ2)
    (add_net TBuzzer)
    (add_net TGLED1)
    (add_net TGLED2)
    (add_net TPyro1OUT)
    (add_net TPyro2OUT)
    (add_net TYLED1)
    (add_net TYLED2)
    (add_net VIN)
    (add_net YLED1)
    (add_net YLED2)
  )

  (module KRTEK_V2:CST931AP (layer F.Cu) (tedit 0) (tstamp 6191654E)
    (at 118.97106 104.24668 90)
    (descr CST-931AP-1)
    (tags "Loudspeaker or Buzzer")
    (path /6180F71D)
    (fp_text reference LS1 (at 0 -2 90) (layer F.SilkS)
      (effects (font (size 1.27 1.27) (thickness 0.254)))
    )
    (fp_text value "Buzzer - CST-931AP" (at 0 -2 90) (layer F.SilkS) hide
      (effects (font (size 1.27 1.27) (thickness 0.254)))
    )
    (fp_line (start -5.5 -7.5) (end 5.5 -7.5) (layer F.CrtYd) (width 0.1))
    (fp_line (start 5.5 -7.5) (end 5.5 3.5) (layer F.CrtYd) (width 0.1))
    (fp_line (start 5.5 3.5) (end -5.5 3.5) (layer F.CrtYd) (width 0.1))
    (fp_line (start -5.5 3.5) (end -5.5 -7.5) (layer F.CrtYd) (width 0.1))
    (fp_line (start -4.5 -2) (end -4.5 -2) (layer F.Fab) (width 0.2))
    (fp_line (start 4.5 -2) (end 4.5 -2) (layer F.Fab) (width 0.2))
    (fp_line (start -4.5 -2) (end -4.5 -2) (layer F.SilkS) (width 0.1))
    (fp_line (start 4.5 -2) (end 4.5 -2) (layer F.SilkS) (width 0.1))
    (fp_line (start -0.1 3) (end -0.1 3) (layer F.SilkS) (width 0.2))
    (fp_line (start 0.1 3) (end 0.1 3) (layer F.SilkS) (width 0.2))
    (fp_text user %R (at 0 -2 90) (layer F.Fab)
      (effects (font (size 1.27 1.27) (thickness 0.254)))
    )
    (fp_arc (start 0 -2) (end -4.5 -2) (angle -180) (layer F.Fab) (width 0.2))
    (fp_arc (start 0 -2) (end 4.5 -2) (angle -180) (layer F.Fab) (width 0.2))
    (fp_arc (start 0 -2) (end -4.5 -2) (angle -180) (layer F.SilkS) (width 0.1))
    (fp_arc (start 0 -2) (end 4.5 -2) (angle -180) (layer F.SilkS) (width 0.1))
    (fp_arc (start 0 3) (end -0.1 3) (angle -180) (layer F.SilkS) (width 0.2))
    (fp_arc (start 0 3) (end 0.1 3) (angle -180) (layer F.SilkS) (width 0.2))
    (pad 1 thru_hole circle (at 0 0 90) (size 1.4 1.4) (drill 0.9) (layers *.Cu *.Mask)
      (net 62 +3V3))
    (pad 2 thru_hole circle (at 0 -4 90) (size 1.4 1.4) (drill 0.9) (layers *.Cu *.Mask)
      (net 20 Buzzer))
    (model "C:\\Users\\willi\\Desktop\\ERT SE\\PDS KRTEK V2\\PCB\\SamacSys_Parts.3dshapes\\CST-931AP.stp"
      (at (xyz 0 0 0))
      (scale (xyz 1 1 1))
      (rotate (xyz 0 0 0))
    )
  )

  (module MountingHole:MountingHole_3.2mm_M3 (layer F.Cu) (tedit 56D1B4CB) (tstamp 61917EA2)
    (at 99.3648 106.55808)
    (descr "Mounting Hole 3.2mm, no annular, M3")
    (tags "mounting hole 3.2mm no annular m3")
    (attr virtual)
    (fp_text reference REF** (at 0 -4.2) (layer F.SilkS)
      (effects (font (size 1 1) (thickness 0.15)))
    )
    (fp_text value MountingHole_3.2mm_M3 (at 0 4.2) (layer F.Fab)
      (effects (font (size 1 1) (thickness 0.15)))
    )
    (fp_circle (center 0 0) (end 3.2 0) (layer Cmts.User) (width 0.15))
    (fp_circle (center 0 0) (end 3.45 0) (layer F.CrtYd) (width 0.05))
    (fp_text user %R (at 0.3 0) (layer F.Fab)
      (effects (font (size 1 1) (thickness 0.15)))
    )
    (pad 1 np_thru_hole circle (at 0 0) (size 3.2 3.2) (drill 3.2) (layers *.Cu *.Mask))
  )

  (module MountingHole:MountingHole_3.2mm_M3 (layer F.Cu) (tedit 56D1B4CB) (tstamp 61917E7E)
    (at 136.50976 106.59618)
    (descr "Mounting Hole 3.2mm, no annular, M3")
    (tags "mounting hole 3.2mm no annular m3")
    (attr virtual)
    (fp_text reference REF** (at 0 -4.2) (layer F.SilkS)
      (effects (font (size 1 1) (thickness 0.15)))
    )
    (fp_text value MountingHole_3.2mm_M3 (at 0 4.2) (layer F.Fab)
      (effects (font (size 1 1) (thickness 0.15)))
    )
    (fp_circle (center 0 0) (end 3.2 0) (layer Cmts.User) (width 0.15))
    (fp_circle (center 0 0) (end 3.45 0) (layer F.CrtYd) (width 0.05))
    (fp_text user %R (at 0.3 0) (layer F.Fab)
      (effects (font (size 1 1) (thickness 0.15)))
    )
    (pad 1 np_thru_hole circle (at 0 0) (size 3.2 3.2) (drill 3.2) (layers *.Cu *.Mask))
  )

  (module MountingHole:MountingHole_3.2mm_M3 (layer F.Cu) (tedit 56D1B4CB) (tstamp 61917E5A)
    (at 136.50976 81.57972)
    (descr "Mounting Hole 3.2mm, no annular, M3")
    (tags "mounting hole 3.2mm no annular m3")
    (attr virtual)
    (fp_text reference REF** (at 0 -4.2) (layer F.SilkS)
      (effects (font (size 1 1) (thickness 0.15)))
    )
    (fp_text value MountingHole_3.2mm_M3 (at 0 4.2) (layer F.Fab)
      (effects (font (size 1 1) (thickness 0.15)))
    )
    (fp_circle (center 0 0) (end 3.2 0) (layer Cmts.User) (width 0.15))
    (fp_circle (center 0 0) (end 3.45 0) (layer F.CrtYd) (width 0.05))
    (fp_text user %R (at 0.3 0) (layer F.Fab)
      (effects (font (size 1 1) (thickness 0.15)))
    )
    (pad 1 np_thru_hole circle (at 0 0) (size 3.2 3.2) (drill 3.2) (layers *.Cu *.Mask))
  )

  (module Capacitor_SMD:C_0603_1608Metric (layer B.Cu) (tedit 5F68FEEE) (tstamp 61916140)
    (at 130.72842 88.91778 180)
    (descr "Capacitor SMD 0603 (1608 Metric), square (rectangular) end terminal, IPC_7351 nominal, (Body size source: IPC-SM-782 page 76, https://www.pcb-3d.com/wordpress/wp-content/uploads/ipc-sm-782a_amendment_1_and_2.pdf), generated with kicad-footprint-generator")
    (tags capacitor)
    (path /618203DA)
    (attr smd)
    (fp_text reference C2 (at 0 1.43) (layer B.SilkS)
      (effects (font (size 1 1) (thickness 0.15)) (justify mirror))
    )
    (fp_text value 0.1uF (at 0.013 0.0508) (layer B.Fab)
      (effects (font (size 1 1) (thickness 0.15)) (justify mirror))
    )
    (fp_line (start -0.8 -0.4) (end -0.8 0.4) (layer B.Fab) (width 0.1))
    (fp_line (start -0.8 0.4) (end 0.8 0.4) (layer B.Fab) (width 0.1))
    (fp_line (start 0.8 0.4) (end 0.8 -0.4) (layer B.Fab) (width 0.1))
    (fp_line (start 0.8 -0.4) (end -0.8 -0.4) (layer B.Fab) (width 0.1))
    (fp_line (start -0.14058 0.51) (end 0.14058 0.51) (layer B.SilkS) (width 0.12))
    (fp_line (start -0.14058 -0.51) (end 0.14058 -0.51) (layer B.SilkS) (width 0.12))
    (fp_line (start -1.48 -0.73) (end -1.48 0.73) (layer B.CrtYd) (width 0.05))
    (fp_line (start -1.48 0.73) (end 1.48 0.73) (layer B.CrtYd) (width 0.05))
    (fp_line (start 1.48 0.73) (end 1.48 -0.73) (layer B.CrtYd) (width 0.05))
    (fp_line (start 1.48 -0.73) (end -1.48 -0.73) (layer B.CrtYd) (width 0.05))
    (fp_text user %R (at 0 0) (layer B.Fab)
      (effects (font (size 0.4 0.4) (thickness 0.06)) (justify mirror))
    )
    (pad 1 smd roundrect (at -0.775 0 180) (size 0.9 0.95) (layers B.Cu B.Paste B.Mask) (roundrect_rratio 0.25)
      (net 1 GND))
    (pad 2 smd roundrect (at 0.775 0 180) (size 0.9 0.95) (layers B.Cu B.Paste B.Mask) (roundrect_rratio 0.25)
      (net 62 +3V3))
    (model ${KISYS3DMOD}/Capacitor_SMD.3dshapes/C_0603_1608Metric.wrl
      (at (xyz 0 0 0))
      (scale (xyz 1 1 1))
      (rotate (xyz 0 0 0))
    )
  )

  (module Capacitor_SMD:C_0603_1608Metric (layer B.Cu) (tedit 5F68FEEE) (tstamp 6183A888)
    (at 111.4301 86.5759 180)
    (descr "Capacitor SMD 0603 (1608 Metric), square (rectangular) end terminal, IPC_7351 nominal, (Body size source: IPC-SM-782 page 76, https://www.pcb-3d.com/wordpress/wp-content/uploads/ipc-sm-782a_amendment_1_and_2.pdf), generated with kicad-footprint-generator")
    (tags capacitor)
    (path /6184D4A8)
    (attr smd)
    (fp_text reference C1 (at -0.04034 1.48336) (layer B.SilkS)
      (effects (font (size 1 1) (thickness 0.15)) (justify mirror))
    )
    (fp_text value 22pF (at 0.0124 -0.0508) (layer B.Fab)
      (effects (font (size 1 1) (thickness 0.15)) (justify mirror))
    )
    (fp_line (start -0.8 -0.4) (end -0.8 0.4) (layer B.Fab) (width 0.1))
    (fp_line (start -0.8 0.4) (end 0.8 0.4) (layer B.Fab) (width 0.1))
    (fp_line (start 0.8 0.4) (end 0.8 -0.4) (layer B.Fab) (width 0.1))
    (fp_line (start 0.8 -0.4) (end -0.8 -0.4) (layer B.Fab) (width 0.1))
    (fp_line (start -0.14058 0.51) (end 0.14058 0.51) (layer B.SilkS) (width 0.12))
    (fp_line (start -0.14058 -0.51) (end 0.14058 -0.51) (layer B.SilkS) (width 0.12))
    (fp_line (start -1.48 -0.73) (end -1.48 0.73) (layer B.CrtYd) (width 0.05))
    (fp_line (start -1.48 0.73) (end 1.48 0.73) (layer B.CrtYd) (width 0.05))
    (fp_line (start 1.48 0.73) (end 1.48 -0.73) (layer B.CrtYd) (width 0.05))
    (fp_line (start 1.48 -0.73) (end -1.48 -0.73) (layer B.CrtYd) (width 0.05))
    (fp_text user %R (at 0 0) (layer B.Fab)
      (effects (font (size 0.4 0.4) (thickness 0.06)) (justify mirror))
    )
    (pad 1 smd roundrect (at -0.775 0 180) (size 0.9 0.95) (layers B.Cu B.Paste B.Mask) (roundrect_rratio 0.25)
      (net 62 +3V3))
    (pad 2 smd roundrect (at 0.775 0 180) (size 0.9 0.95) (layers B.Cu B.Paste B.Mask) (roundrect_rratio 0.25)
      (net 1 GND))
    (model ${KISYS3DMOD}/Capacitor_SMD.3dshapes/C_0603_1608Metric.wrl
      (at (xyz 0 0 0))
      (scale (xyz 1 1 1))
      (rotate (xyz 0 0 0))
    )
  )

  (module Resistor_SMD:R_0603_1608Metric (layer B.Cu) (tedit 5F68FEEE) (tstamp 618EE038)
    (at 116.90908 102.60076 180)
    (descr "Resistor SMD 0603 (1608 Metric), square (rectangular) end terminal, IPC_7351 nominal, (Body size source: IPC-SM-782 page 72, https://www.pcb-3d.com/wordpress/wp-content/uploads/ipc-sm-782a_amendment_1_and_2.pdf), generated with kicad-footprint-generator")
    (tags resistor)
    (path /6181218E)
    (attr smd)
    (fp_text reference R4 (at 0 1.43) (layer B.SilkS)
      (effects (font (size 1 1) (thickness 0.15)) (justify mirror))
    )
    (fp_text value 1k (at -0.02744 0.01524) (layer B.Fab)
      (effects (font (size 1 1) (thickness 0.15)) (justify mirror))
    )
    (fp_line (start -0.8 -0.4125) (end -0.8 0.4125) (layer B.Fab) (width 0.1))
    (fp_line (start -0.8 0.4125) (end 0.8 0.4125) (layer B.Fab) (width 0.1))
    (fp_line (start 0.8 0.4125) (end 0.8 -0.4125) (layer B.Fab) (width 0.1))
    (fp_line (start 0.8 -0.4125) (end -0.8 -0.4125) (layer B.Fab) (width 0.1))
    (fp_line (start -0.237258 0.5225) (end 0.237258 0.5225) (layer B.SilkS) (width 0.12))
    (fp_line (start -0.237258 -0.5225) (end 0.237258 -0.5225) (layer B.SilkS) (width 0.12))
    (fp_line (start -1.48 -0.73) (end -1.48 0.73) (layer B.CrtYd) (width 0.05))
    (fp_line (start -1.48 0.73) (end 1.48 0.73) (layer B.CrtYd) (width 0.05))
    (fp_line (start 1.48 0.73) (end 1.48 -0.73) (layer B.CrtYd) (width 0.05))
    (fp_line (start 1.48 -0.73) (end -1.48 -0.73) (layer B.CrtYd) (width 0.05))
    (fp_text user %R (at 0 0) (layer B.Fab)
      (effects (font (size 0.4 0.4) (thickness 0.06)) (justify mirror))
    )
    (pad 1 smd roundrect (at -0.825 0 180) (size 0.8 0.95) (layers B.Cu B.Paste B.Mask) (roundrect_rratio 0.25)
      (net 62 +3V3))
    (pad 2 smd roundrect (at 0.825 0 180) (size 0.8 0.95) (layers B.Cu B.Paste B.Mask) (roundrect_rratio 0.25)
      (net 20 Buzzer))
    (model ${KISYS3DMOD}/Resistor_SMD.3dshapes/R_0603_1608Metric.wrl
      (at (xyz 0 0 0))
      (scale (xyz 1 1 1))
      (rotate (xyz 0 0 0))
    )
  )

  (module Resistor_SMD:R_0603_1608Metric (layer B.Cu) (tedit 5F68FEEE) (tstamp 618E6465)
    (at 101.64572 100.93402 270)
    (descr "Resistor SMD 0603 (1608 Metric), square (rectangular) end terminal, IPC_7351 nominal, (Body size source: IPC-SM-782 page 72, https://www.pcb-3d.com/wordpress/wp-content/uploads/ipc-sm-782a_amendment_1_and_2.pdf), generated with kicad-footprint-generator")
    (tags resistor)
    (path /61816E0D)
    (attr smd)
    (fp_text reference R7 (at -2.46942 0.14478 90) (layer B.SilkS)
      (effects (font (size 1 1) (thickness 0.15)) (justify mirror))
    )
    (fp_text value 500 (at 0.03606 -0.09906 90) (layer B.Fab)
      (effects (font (size 1 1) (thickness 0.15)) (justify mirror))
    )
    (fp_line (start 1.48 -0.73) (end -1.48 -0.73) (layer B.CrtYd) (width 0.05))
    (fp_line (start 1.48 0.73) (end 1.48 -0.73) (layer B.CrtYd) (width 0.05))
    (fp_line (start -1.48 0.73) (end 1.48 0.73) (layer B.CrtYd) (width 0.05))
    (fp_line (start -1.48 -0.73) (end -1.48 0.73) (layer B.CrtYd) (width 0.05))
    (fp_line (start -0.237258 -0.5225) (end 0.237258 -0.5225) (layer B.SilkS) (width 0.12))
    (fp_line (start -0.237258 0.5225) (end 0.237258 0.5225) (layer B.SilkS) (width 0.12))
    (fp_line (start 0.8 -0.4125) (end -0.8 -0.4125) (layer B.Fab) (width 0.1))
    (fp_line (start 0.8 0.4125) (end 0.8 -0.4125) (layer B.Fab) (width 0.1))
    (fp_line (start -0.8 0.4125) (end 0.8 0.4125) (layer B.Fab) (width 0.1))
    (fp_line (start -0.8 -0.4125) (end -0.8 0.4125) (layer B.Fab) (width 0.1))
    (fp_text user %R (at 0 0 90) (layer B.Fab)
      (effects (font (size 0.4 0.4) (thickness 0.06)) (justify mirror))
    )
    (pad 2 smd roundrect (at 0.825 0 270) (size 0.8 0.95) (layers B.Cu B.Paste B.Mask) (roundrect_rratio 0.25)
      (net 2 "Net-(D1-Pad1)"))
    (pad 1 smd roundrect (at -0.825 0 270) (size 0.8 0.95) (layers B.Cu B.Paste B.Mask) (roundrect_rratio 0.25)
      (net 1 GND))
    (model ${KISYS3DMOD}/Resistor_SMD.3dshapes/R_0603_1608Metric.wrl
      (at (xyz 0 0 0))
      (scale (xyz 1 1 1))
      (rotate (xyz 0 0 0))
    )
  )

  (module Resistor_SMD:R_0603_1608Metric (layer B.Cu) (tedit 5F68FEEE) (tstamp 618E6495)
    (at 103.6574 100.92994 270)
    (descr "Resistor SMD 0603 (1608 Metric), square (rectangular) end terminal, IPC_7351 nominal, (Body size source: IPC-SM-782 page 72, https://www.pcb-3d.com/wordpress/wp-content/uploads/ipc-sm-782a_amendment_1_and_2.pdf), generated with kicad-footprint-generator")
    (tags resistor)
    (path /61817A16)
    (attr smd)
    (fp_text reference R8 (at -2.4379 0.13462 90) (layer B.SilkS)
      (effects (font (size 1 1) (thickness 0.15)) (justify mirror))
    )
    (fp_text value 330 (at -0.05284 0.0254 90) (layer B.Fab)
      (effects (font (size 1 1) (thickness 0.15)) (justify mirror))
    )
    (fp_line (start -0.8 -0.4125) (end -0.8 0.4125) (layer B.Fab) (width 0.1))
    (fp_line (start -0.8 0.4125) (end 0.8 0.4125) (layer B.Fab) (width 0.1))
    (fp_line (start 0.8 0.4125) (end 0.8 -0.4125) (layer B.Fab) (width 0.1))
    (fp_line (start 0.8 -0.4125) (end -0.8 -0.4125) (layer B.Fab) (width 0.1))
    (fp_line (start -0.237258 0.5225) (end 0.237258 0.5225) (layer B.SilkS) (width 0.12))
    (fp_line (start -0.237258 -0.5225) (end 0.237258 -0.5225) (layer B.SilkS) (width 0.12))
    (fp_line (start -1.48 -0.73) (end -1.48 0.73) (layer B.CrtYd) (width 0.05))
    (fp_line (start -1.48 0.73) (end 1.48 0.73) (layer B.CrtYd) (width 0.05))
    (fp_line (start 1.48 0.73) (end 1.48 -0.73) (layer B.CrtYd) (width 0.05))
    (fp_line (start 1.48 -0.73) (end -1.48 -0.73) (layer B.CrtYd) (width 0.05))
    (fp_text user %R (at 0 0 90) (layer B.Fab)
      (effects (font (size 0.4 0.4) (thickness 0.06)) (justify mirror))
    )
    (pad 1 smd roundrect (at -0.825 0 270) (size 0.8 0.95) (layers B.Cu B.Paste B.Mask) (roundrect_rratio 0.25)
      (net 1 GND))
    (pad 2 smd roundrect (at 0.825 0 270) (size 0.8 0.95) (layers B.Cu B.Paste B.Mask) (roundrect_rratio 0.25)
      (net 3 "Net-(D2-Pad1)"))
    (model ${KISYS3DMOD}/Resistor_SMD.3dshapes/R_0603_1608Metric.wrl
      (at (xyz 0 0 0))
      (scale (xyz 1 1 1))
      (rotate (xyz 0 0 0))
    )
  )

  (module Resistor_SMD:R_0603_1608Metric (layer B.Cu) (tedit 5F68FEEE) (tstamp 618E6435)
    (at 105.73766 100.92994 270)
    (descr "Resistor SMD 0603 (1608 Metric), square (rectangular) end terminal, IPC_7351 nominal, (Body size source: IPC-SM-782 page 72, https://www.pcb-3d.com/wordpress/wp-content/uploads/ipc-sm-782a_amendment_1_and_2.pdf), generated with kicad-footprint-generator")
    (tags resistor)
    (path /61817DCA)
    (attr smd)
    (fp_text reference R9 (at -2.46126 0.07366 90) (layer B.SilkS)
      (effects (font (size 1 1) (thickness 0.15)) (justify mirror))
    )
    (fp_text value 330 (at -0.06908 0.18796 90) (layer B.Fab)
      (effects (font (size 1 1) (thickness 0.15)) (justify mirror))
    )
    (fp_line (start 1.48 -0.73) (end -1.48 -0.73) (layer B.CrtYd) (width 0.05))
    (fp_line (start 1.48 0.73) (end 1.48 -0.73) (layer B.CrtYd) (width 0.05))
    (fp_line (start -1.48 0.73) (end 1.48 0.73) (layer B.CrtYd) (width 0.05))
    (fp_line (start -1.48 -0.73) (end -1.48 0.73) (layer B.CrtYd) (width 0.05))
    (fp_line (start -0.237258 -0.5225) (end 0.237258 -0.5225) (layer B.SilkS) (width 0.12))
    (fp_line (start -0.237258 0.5225) (end 0.237258 0.5225) (layer B.SilkS) (width 0.12))
    (fp_line (start 0.8 -0.4125) (end -0.8 -0.4125) (layer B.Fab) (width 0.1))
    (fp_line (start 0.8 0.4125) (end 0.8 -0.4125) (layer B.Fab) (width 0.1))
    (fp_line (start -0.8 0.4125) (end 0.8 0.4125) (layer B.Fab) (width 0.1))
    (fp_line (start -0.8 -0.4125) (end -0.8 0.4125) (layer B.Fab) (width 0.1))
    (fp_text user %R (at 0 0 90) (layer B.Fab)
      (effects (font (size 0.4 0.4) (thickness 0.06)) (justify mirror))
    )
    (pad 2 smd roundrect (at 0.825 0 270) (size 0.8 0.95) (layers B.Cu B.Paste B.Mask) (roundrect_rratio 0.25)
      (net 6 "Net-(D3-Pad1)"))
    (pad 1 smd roundrect (at -0.825 0 270) (size 0.8 0.95) (layers B.Cu B.Paste B.Mask) (roundrect_rratio 0.25)
      (net 1 GND))
    (model ${KISYS3DMOD}/Resistor_SMD.3dshapes/R_0603_1608Metric.wrl
      (at (xyz 0 0 0))
      (scale (xyz 1 1 1))
      (rotate (xyz 0 0 0))
    )
  )

  (module Resistor_SMD:R_0603_1608Metric (layer B.Cu) (tedit 5F68FEEE) (tstamp 618E6405)
    (at 107.80014 100.94164 270)
    (descr "Resistor SMD 0603 (1608 Metric), square (rectangular) end terminal, IPC_7351 nominal, (Body size source: IPC-SM-782 page 72, https://www.pcb-3d.com/wordpress/wp-content/uploads/ipc-sm-782a_amendment_1_and_2.pdf), generated with kicad-footprint-generator")
    (tags resistor)
    (path /6181829C)
    (attr smd)
    (fp_text reference R10 (at -2.45926 -0.05334 90) (layer B.SilkS)
      (effects (font (size 1 1) (thickness 0.15)) (justify mirror))
    )
    (fp_text value 330 (at -0.02744 -0.06604 90) (layer B.Fab)
      (effects (font (size 1 1) (thickness 0.15)) (justify mirror))
    )
    (fp_line (start -0.8 -0.4125) (end -0.8 0.4125) (layer B.Fab) (width 0.1))
    (fp_line (start -0.8 0.4125) (end 0.8 0.4125) (layer B.Fab) (width 0.1))
    (fp_line (start 0.8 0.4125) (end 0.8 -0.4125) (layer B.Fab) (width 0.1))
    (fp_line (start 0.8 -0.4125) (end -0.8 -0.4125) (layer B.Fab) (width 0.1))
    (fp_line (start -0.237258 0.5225) (end 0.237258 0.5225) (layer B.SilkS) (width 0.12))
    (fp_line (start -0.237258 -0.5225) (end 0.237258 -0.5225) (layer B.SilkS) (width 0.12))
    (fp_line (start -1.48 -0.73) (end -1.48 0.73) (layer B.CrtYd) (width 0.05))
    (fp_line (start -1.48 0.73) (end 1.48 0.73) (layer B.CrtYd) (width 0.05))
    (fp_line (start 1.48 0.73) (end 1.48 -0.73) (layer B.CrtYd) (width 0.05))
    (fp_line (start 1.48 -0.73) (end -1.48 -0.73) (layer B.CrtYd) (width 0.05))
    (fp_text user %R (at 0 0 90) (layer B.Fab)
      (effects (font (size 0.4 0.4) (thickness 0.06)) (justify mirror))
    )
    (pad 1 smd roundrect (at -0.825 0 270) (size 0.8 0.95) (layers B.Cu B.Paste B.Mask) (roundrect_rratio 0.25)
      (net 1 GND))
    (pad 2 smd roundrect (at 0.825 0 270) (size 0.8 0.95) (layers B.Cu B.Paste B.Mask) (roundrect_rratio 0.25)
      (net 7 "Net-(D4-Pad1)"))
    (model ${KISYS3DMOD}/Resistor_SMD.3dshapes/R_0603_1608Metric.wrl
      (at (xyz 0 0 0))
      (scale (xyz 1 1 1))
      (rotate (xyz 0 0 0))
    )
  )

  (module Resistor_SMD:R_0603_1608Metric (layer B.Cu) (tedit 5F68FEEE) (tstamp 618E6684)
    (at 109.94136 100.93402 270)
    (descr "Resistor SMD 0603 (1608 Metric), square (rectangular) end terminal, IPC_7351 nominal, (Body size source: IPC-SM-782 page 72, https://www.pcb-3d.com/wordpress/wp-content/uploads/ipc-sm-782a_amendment_1_and_2.pdf), generated with kicad-footprint-generator")
    (tags resistor)
    (path /61818703)
    (attr smd)
    (fp_text reference R11 (at -2.4491 0.10668 90) (layer B.SilkS)
      (effects (font (size 1 1) (thickness 0.15)) (justify mirror))
    )
    (fp_text value 330 (at -0.04876 0.02032 90) (layer B.Fab)
      (effects (font (size 1 1) (thickness 0.15)) (justify mirror))
    )
    (fp_line (start -0.8 -0.4125) (end -0.8 0.4125) (layer B.Fab) (width 0.1))
    (fp_line (start -0.8 0.4125) (end 0.8 0.4125) (layer B.Fab) (width 0.1))
    (fp_line (start 0.8 0.4125) (end 0.8 -0.4125) (layer B.Fab) (width 0.1))
    (fp_line (start 0.8 -0.4125) (end -0.8 -0.4125) (layer B.Fab) (width 0.1))
    (fp_line (start -0.237258 0.5225) (end 0.237258 0.5225) (layer B.SilkS) (width 0.12))
    (fp_line (start -0.237258 -0.5225) (end 0.237258 -0.5225) (layer B.SilkS) (width 0.12))
    (fp_line (start -1.48 -0.73) (end -1.48 0.73) (layer B.CrtYd) (width 0.05))
    (fp_line (start -1.48 0.73) (end 1.48 0.73) (layer B.CrtYd) (width 0.05))
    (fp_line (start 1.48 0.73) (end 1.48 -0.73) (layer B.CrtYd) (width 0.05))
    (fp_line (start 1.48 -0.73) (end -1.48 -0.73) (layer B.CrtYd) (width 0.05))
    (fp_text user %R (at 0 0 90) (layer B.Fab)
      (effects (font (size 0.4 0.4) (thickness 0.06)) (justify mirror))
    )
    (pad 1 smd roundrect (at -0.825 0 270) (size 0.8 0.95) (layers B.Cu B.Paste B.Mask) (roundrect_rratio 0.25)
      (net 1 GND))
    (pad 2 smd roundrect (at 0.825 0 270) (size 0.8 0.95) (layers B.Cu B.Paste B.Mask) (roundrect_rratio 0.25)
      (net 10 "Net-(D5-Pad1)"))
    (model ${KISYS3DMOD}/Resistor_SMD.3dshapes/R_0603_1608Metric.wrl
      (at (xyz 0 0 0))
      (scale (xyz 1 1 1))
      (rotate (xyz 0 0 0))
    )
  )

  (module Resistor_SMD:R_0603_1608Metric (layer B.Cu) (tedit 5F68FEEE) (tstamp 6183A8F8)
    (at 112.21974 89.70822 270)
    (descr "Resistor SMD 0603 (1608 Metric), square (rectangular) end terminal, IPC_7351 nominal, (Body size source: IPC-SM-782 page 72, https://www.pcb-3d.com/wordpress/wp-content/uploads/ipc-sm-782a_amendment_1_and_2.pdf), generated with kicad-footprint-generator")
    (tags resistor)
    (path /61843368)
    (attr smd)
    (fp_text reference R1 (at 0 1.43 90) (layer B.SilkS)
      (effects (font (size 1 1) (thickness 0.15)) (justify mirror))
    )
    (fp_text value 10M (at 0.032799 0.012401 90) (layer B.Fab)
      (effects (font (size 1 1) (thickness 0.15)) (justify mirror))
    )
    (fp_line (start 1.48 -0.73) (end -1.48 -0.73) (layer B.CrtYd) (width 0.05))
    (fp_line (start 1.48 0.73) (end 1.48 -0.73) (layer B.CrtYd) (width 0.05))
    (fp_line (start -1.48 0.73) (end 1.48 0.73) (layer B.CrtYd) (width 0.05))
    (fp_line (start -1.48 -0.73) (end -1.48 0.73) (layer B.CrtYd) (width 0.05))
    (fp_line (start -0.237258 -0.5225) (end 0.237258 -0.5225) (layer B.SilkS) (width 0.12))
    (fp_line (start -0.237258 0.5225) (end 0.237258 0.5225) (layer B.SilkS) (width 0.12))
    (fp_line (start 0.8 -0.4125) (end -0.8 -0.4125) (layer B.Fab) (width 0.1))
    (fp_line (start 0.8 0.4125) (end 0.8 -0.4125) (layer B.Fab) (width 0.1))
    (fp_line (start -0.8 0.4125) (end 0.8 0.4125) (layer B.Fab) (width 0.1))
    (fp_line (start -0.8 -0.4125) (end -0.8 0.4125) (layer B.Fab) (width 0.1))
    (fp_text user %R (at 0 0 90) (layer B.Fab)
      (effects (font (size 0.4 0.4) (thickness 0.06)) (justify mirror))
    )
    (pad 2 smd roundrect (at 0.825 0 270) (size 0.8 0.95) (layers B.Cu B.Paste B.Mask) (roundrect_rratio 0.25)
      (net 54 "Net-(R1-Pad2)"))
    (pad 1 smd roundrect (at -0.825 0 270) (size 0.8 0.95) (layers B.Cu B.Paste B.Mask) (roundrect_rratio 0.25)
      (net 62 +3V3))
    (model ${KISYS3DMOD}/Resistor_SMD.3dshapes/R_0603_1608Metric.wrl
      (at (xyz 0 0 0))
      (scale (xyz 1 1 1))
      (rotate (xyz 0 0 0))
    )
  )

  (module KRTEK_V2:LED_2-SMD_No_Lead_1.7x0.8mm (layer F.Cu) (tedit 5D2891B4) (tstamp 618EE506)
    (at 101.6381 100.89458 90)
    (path /61814413)
    (attr smd)
    (fp_text reference D1 (at 2.401 0.04572 90) (layer F.SilkS)
      (effects (font (size 1 1) (thickness 0.15)))
    )
    (fp_text value RED (at 0.01086 0.05334 90) (layer F.Fab)
      (effects (font (size 1 1) (thickness 0.15)))
    )
    (fp_line (start -0.85 0.4) (end 0.85 0.4) (layer F.Fab) (width 0.1))
    (fp_line (start -0.85 -0.4) (end 0.85 -0.4) (layer F.Fab) (width 0.1))
    (fp_line (start 0.85 -0.4) (end 0.85 0.4) (layer F.Fab) (width 0.1))
    (fp_line (start -0.85 0.4) (end -0.85 -0.4) (layer F.Fab) (width 0.1))
    (fp_line (start -0.4 -0.5) (end 0.4 -0.5) (layer F.SilkS) (width 0.1))
    (fp_line (start -0.4 0.5) (end 0.4 0.5) (layer F.SilkS) (width 0.1))
    (fp_line (start 1.4 -0.65) (end 1.4 0.65) (layer F.CrtYd) (width 0.05))
    (fp_line (start 1.4 -0.65) (end -1.4 -0.65) (layer F.CrtYd) (width 0.05))
    (fp_line (start 1.4 0.65) (end -1.4 0.65) (layer F.CrtYd) (width 0.05))
    (fp_line (start -1.4 -0.65) (end -1.4 0.65) (layer F.CrtYd) (width 0.05))
    (fp_line (start -1.25 0.5) (end -0.9 0.5) (layer F.SilkS) (width 0.1))
    (fp_line (start -1.25 -0.5) (end -1.25 0.5) (layer F.SilkS) (width 0.1))
    (fp_line (start -1.2 -0.5) (end -1.25 -0.5) (layer F.SilkS) (width 0.1))
    (fp_line (start -0.9 -0.5) (end -1.2 -0.5) (layer F.SilkS) (width 0.1))
    (fp_text user %R (at 0 0 90) (layer F.Fab)
      (effects (font (size 0.25 0.25) (thickness 0.025)))
    )
    (pad 2 smd rect (at 0.75 0 90) (size 0.8 0.8) (layers F.Cu F.Paste F.Mask)
      (net 25 VIN))
    (pad 1 smd rect (at -0.75 0 90) (size 0.8 0.8) (layers F.Cu F.Paste F.Mask)
      (net 2 "Net-(D1-Pad1)"))
  )

  (module KRTEK_V2:LED_2-SMD_No_Lead_1.7x0.8mm (layer F.Cu) (tedit 5D2891B4) (tstamp 618E65EF)
    (at 103.6574 100.89204 90)
    (path /61814F6B)
    (attr smd)
    (fp_text reference D2 (at 2.43402 0.02794 90) (layer F.SilkS)
      (effects (font (size 1 1) (thickness 0.15)))
    )
    (fp_text value YELLOW (at 0.1531 0.04572 90) (layer F.Fab)
      (effects (font (size 1 1) (thickness 0.15)))
    )
    (fp_line (start -0.9 -0.5) (end -1.2 -0.5) (layer F.SilkS) (width 0.1))
    (fp_line (start -1.2 -0.5) (end -1.25 -0.5) (layer F.SilkS) (width 0.1))
    (fp_line (start -1.25 -0.5) (end -1.25 0.5) (layer F.SilkS) (width 0.1))
    (fp_line (start -1.25 0.5) (end -0.9 0.5) (layer F.SilkS) (width 0.1))
    (fp_line (start -1.4 -0.65) (end -1.4 0.65) (layer F.CrtYd) (width 0.05))
    (fp_line (start 1.4 0.65) (end -1.4 0.65) (layer F.CrtYd) (width 0.05))
    (fp_line (start 1.4 -0.65) (end -1.4 -0.65) (layer F.CrtYd) (width 0.05))
    (fp_line (start 1.4 -0.65) (end 1.4 0.65) (layer F.CrtYd) (width 0.05))
    (fp_line (start -0.4 0.5) (end 0.4 0.5) (layer F.SilkS) (width 0.1))
    (fp_line (start -0.4 -0.5) (end 0.4 -0.5) (layer F.SilkS) (width 0.1))
    (fp_line (start -0.85 0.4) (end -0.85 -0.4) (layer F.Fab) (width 0.1))
    (fp_line (start 0.85 -0.4) (end 0.85 0.4) (layer F.Fab) (width 0.1))
    (fp_line (start -0.85 -0.4) (end 0.85 -0.4) (layer F.Fab) (width 0.1))
    (fp_line (start -0.85 0.4) (end 0.85 0.4) (layer F.Fab) (width 0.1))
    (fp_text user %R (at 0 0 90) (layer F.Fab)
      (effects (font (size 0.25 0.25) (thickness 0.025)))
    )
    (pad 1 smd rect (at -0.75 0 90) (size 0.8 0.8) (layers F.Cu F.Paste F.Mask)
      (net 3 "Net-(D2-Pad1)"))
    (pad 2 smd rect (at 0.75 0 90) (size 0.8 0.8) (layers F.Cu F.Paste F.Mask)
      (net 4 YLED1))
  )

  (module KRTEK_V2:LED_2-SMD_No_Lead_1.7x0.8mm (layer F.Cu) (tedit 5D2891B4) (tstamp 618E64F9)
    (at 105.73512 100.89204 90)
    (path /61815368)
    (attr smd)
    (fp_text reference D3 (at 2.37306 0.01524 90) (layer F.SilkS)
      (effects (font (size 1 1) (thickness 0.15)))
    )
    (fp_text value YELLOW (at 0 -0.03302 90) (layer F.Fab)
      (effects (font (size 1 1) (thickness 0.15)))
    )
    (fp_line (start -0.85 0.4) (end 0.85 0.4) (layer F.Fab) (width 0.1))
    (fp_line (start -0.85 -0.4) (end 0.85 -0.4) (layer F.Fab) (width 0.1))
    (fp_line (start 0.85 -0.4) (end 0.85 0.4) (layer F.Fab) (width 0.1))
    (fp_line (start -0.85 0.4) (end -0.85 -0.4) (layer F.Fab) (width 0.1))
    (fp_line (start -0.4 -0.5) (end 0.4 -0.5) (layer F.SilkS) (width 0.1))
    (fp_line (start -0.4 0.5) (end 0.4 0.5) (layer F.SilkS) (width 0.1))
    (fp_line (start 1.4 -0.65) (end 1.4 0.65) (layer F.CrtYd) (width 0.05))
    (fp_line (start 1.4 -0.65) (end -1.4 -0.65) (layer F.CrtYd) (width 0.05))
    (fp_line (start 1.4 0.65) (end -1.4 0.65) (layer F.CrtYd) (width 0.05))
    (fp_line (start -1.4 -0.65) (end -1.4 0.65) (layer F.CrtYd) (width 0.05))
    (fp_line (start -1.25 0.5) (end -0.9 0.5) (layer F.SilkS) (width 0.1))
    (fp_line (start -1.25 -0.5) (end -1.25 0.5) (layer F.SilkS) (width 0.1))
    (fp_line (start -1.2 -0.5) (end -1.25 -0.5) (layer F.SilkS) (width 0.1))
    (fp_line (start -0.9 -0.5) (end -1.2 -0.5) (layer F.SilkS) (width 0.1))
    (fp_text user %R (at 0 0 90) (layer F.Fab)
      (effects (font (size 0.25 0.25) (thickness 0.025)))
    )
    (pad 2 smd rect (at 0.75 0 90) (size 0.8 0.8) (layers F.Cu F.Paste F.Mask)
      (net 5 YLED2))
    (pad 1 smd rect (at -0.75 0 90) (size 0.8 0.8) (layers F.Cu F.Paste F.Mask)
      (net 6 "Net-(D3-Pad1)"))
  )

  (module KRTEK_V2:LED_2-SMD_No_Lead_1.7x0.8mm (layer F.Cu) (tedit 5D2891B4) (tstamp 618E6577)
    (at 107.80522 100.89712 90)
    (path /618162E1)
    (attr smd)
    (fp_text reference D4 (at 2.37052 0.09652 90) (layer F.SilkS)
      (effects (font (size 1 1) (thickness 0.15)))
    )
    (fp_text value GREEN (at 0.0388 -0.06096 90) (layer F.Fab)
      (effects (font (size 1 1) (thickness 0.15)))
    )
    (fp_line (start -0.9 -0.5) (end -1.2 -0.5) (layer F.SilkS) (width 0.1))
    (fp_line (start -1.2 -0.5) (end -1.25 -0.5) (layer F.SilkS) (width 0.1))
    (fp_line (start -1.25 -0.5) (end -1.25 0.5) (layer F.SilkS) (width 0.1))
    (fp_line (start -1.25 0.5) (end -0.9 0.5) (layer F.SilkS) (width 0.1))
    (fp_line (start -1.4 -0.65) (end -1.4 0.65) (layer F.CrtYd) (width 0.05))
    (fp_line (start 1.4 0.65) (end -1.4 0.65) (layer F.CrtYd) (width 0.05))
    (fp_line (start 1.4 -0.65) (end -1.4 -0.65) (layer F.CrtYd) (width 0.05))
    (fp_line (start 1.4 -0.65) (end 1.4 0.65) (layer F.CrtYd) (width 0.05))
    (fp_line (start -0.4 0.5) (end 0.4 0.5) (layer F.SilkS) (width 0.1))
    (fp_line (start -0.4 -0.5) (end 0.4 -0.5) (layer F.SilkS) (width 0.1))
    (fp_line (start -0.85 0.4) (end -0.85 -0.4) (layer F.Fab) (width 0.1))
    (fp_line (start 0.85 -0.4) (end 0.85 0.4) (layer F.Fab) (width 0.1))
    (fp_line (start -0.85 -0.4) (end 0.85 -0.4) (layer F.Fab) (width 0.1))
    (fp_line (start -0.85 0.4) (end 0.85 0.4) (layer F.Fab) (width 0.1))
    (fp_text user %R (at 0 0 90) (layer F.Fab)
      (effects (font (size 0.25 0.25) (thickness 0.025)))
    )
    (pad 1 smd rect (at -0.75 0 90) (size 0.8 0.8) (layers F.Cu F.Paste F.Mask)
      (net 7 "Net-(D4-Pad1)"))
    (pad 2 smd rect (at 0.75 0 90) (size 0.8 0.8) (layers F.Cu F.Paste F.Mask)
      (net 8 GLED1))
  )

  (module KRTEK_V2:LED_2-SMD_No_Lead_1.7x0.8mm (layer F.Cu) (tedit 5D2891B4) (tstamp 618E662B)
    (at 109.95152 100.88696 90)
    (path /61816871)
    (attr smd)
    (fp_text reference D5 (at 2.48666 -0.00254 90) (layer F.SilkS)
      (effects (font (size 1 1) (thickness 0.15)))
    )
    (fp_text value GREEN (at 0.13278 -0.03556 90) (layer F.Fab)
      (effects (font (size 1 1) (thickness 0.15)))
    )
    (fp_line (start -0.85 0.4) (end 0.85 0.4) (layer F.Fab) (width 0.1))
    (fp_line (start -0.85 -0.4) (end 0.85 -0.4) (layer F.Fab) (width 0.1))
    (fp_line (start 0.85 -0.4) (end 0.85 0.4) (layer F.Fab) (width 0.1))
    (fp_line (start -0.85 0.4) (end -0.85 -0.4) (layer F.Fab) (width 0.1))
    (fp_line (start -0.4 -0.5) (end 0.4 -0.5) (layer F.SilkS) (width 0.1))
    (fp_line (start -0.4 0.5) (end 0.4 0.5) (layer F.SilkS) (width 0.1))
    (fp_line (start 1.4 -0.65) (end 1.4 0.65) (layer F.CrtYd) (width 0.05))
    (fp_line (start 1.4 -0.65) (end -1.4 -0.65) (layer F.CrtYd) (width 0.05))
    (fp_line (start 1.4 0.65) (end -1.4 0.65) (layer F.CrtYd) (width 0.05))
    (fp_line (start -1.4 -0.65) (end -1.4 0.65) (layer F.CrtYd) (width 0.05))
    (fp_line (start -1.25 0.5) (end -0.9 0.5) (layer F.SilkS) (width 0.1))
    (fp_line (start -1.25 -0.5) (end -1.25 0.5) (layer F.SilkS) (width 0.1))
    (fp_line (start -1.2 -0.5) (end -1.25 -0.5) (layer F.SilkS) (width 0.1))
    (fp_line (start -0.9 -0.5) (end -1.2 -0.5) (layer F.SilkS) (width 0.1))
    (fp_text user %R (at 0 0 90) (layer F.Fab)
      (effects (font (size 0.25 0.25) (thickness 0.025)))
    )
    (pad 2 smd rect (at 0.75 0 90) (size 0.8 0.8) (layers F.Cu F.Paste F.Mask)
      (net 9 GLED2))
    (pad 1 smd rect (at -0.75 0 90) (size 0.8 0.8) (layers F.Cu F.Paste F.Mask)
      (net 10 "Net-(D5-Pad1)"))
  )

  (module KRTEK_V2:MS561101BA03-50 (layer F.Cu) (tedit 0) (tstamp 6191610A)
    (at 131.75996 88.9508 90)
    (descr MS561101BA03-50)
    (tags "Integrated Circuit")
    (path /6181BE05)
    (attr smd)
    (fp_text reference IC2 (at -0.372 -0.006 90) (layer F.SilkS)
      (effects (font (size 1.27 1.27) (thickness 0.254)))
    )
    (fp_text value "Baro - MS561101BA03-50" (at -0.372 -0.006 90) (layer F.SilkS) hide
      (effects (font (size 1.27 1.27) (thickness 0.254)))
    )
    (fp_circle (center -2.032 -2.297) (end -2.032 -2.252) (layer F.SilkS) (width 0.254))
    (fp_line (start -1.5 2.35) (end 1.5 2.35) (layer F.SilkS) (width 0.254))
    (fp_line (start -1.5 -2.35) (end 1.5 -2.35) (layer F.SilkS) (width 0.254))
    (fp_line (start -1.5 2.35) (end -1.5 -2.35) (layer F.Fab) (width 0.254))
    (fp_line (start 1.5 2.35) (end -1.5 2.35) (layer F.Fab) (width 0.254))
    (fp_line (start 1.5 -2.35) (end 1.5 2.35) (layer F.Fab) (width 0.254))
    (fp_line (start -1.5 -2.35) (end 1.5 -2.35) (layer F.Fab) (width 0.254))
    (fp_text user %R (at -0.372 -0.006 90) (layer F.Fab)
      (effects (font (size 1.27 1.27) (thickness 0.254)))
    )
    (pad 1 smd rect (at -1.1 -1.875 180) (size 0.6 1.1) (layers F.Cu F.Paste F.Mask)
      (net 62 +3V3))
    (pad 2 smd rect (at -1.1 -0.625 180) (size 0.6 1.1) (layers F.Cu F.Paste F.Mask)
      (net 62 +3V3))
    (pad 3 smd rect (at -1.1 0.625 180) (size 0.6 1.1) (layers F.Cu F.Paste F.Mask)
      (net 1 GND))
    (pad 4 smd rect (at -1.1 1.875 180) (size 0.6 1.1) (layers F.Cu F.Paste F.Mask)
      (net 1 GND))
